DSS File:	C:\Users\B4EDHDRJ\Documents\Hydraulics Branch\Flood Freq. Analysis\POR_Stages.dss
DSS Path:	/MISSISSIPPI RIVER/GREENVILLE/STAGE/01JAN1882/1DAY/OBS
Season Start:	1Mar
Season Stop:	27Nov
Start Year:	1882
Stop Year:	2016
Date	Jul 20, 2016	2:44:25 PM


Duration	Median Stage	Mean Stage	Std Dev	Mean Diff	
--------	------------	----------	-------	---------	
2.5%	36.70	37.00	6.89	0.67
5.0%	35.20	35.49	7.26	1.98
7.5%	33.70	33.93	7.73	3.32
10.0%	32.00	32.16	7.95	5.06
12.5%	30.28	30.34	8.08	6.77


Duration:	2.5%
Days:	7

Rank	Value	Window Start	Window Stop
1	53.00	May 28, 1929	Jun 3, 1929
2	52.91	May 13, 2011	May 19, 2011
3	51.80	Apr 22, 1922	Apr 28, 1922
4	51.50	Apr 16, 1927	Apr 22, 1927
5	50.00	Apr 18, 1913	Apr 24, 1913
6	49.50	Apr 9, 1912	Apr 15, 1912
7	48.00	Mar 21, 1903	Mar 27, 1903
8	46.90	May 10, 1973	May 16, 1973
9	46.70	Jun 3, 1933	Jun 9, 1933
10	46.39	Apr 16, 2008	Apr 22, 2008
11	46.30	Apr 16, 1920	Apr 22, 1920
12	45.80	Apr 18, 1898	Apr 24, 1898
13	45.40	Jul 5, 1928	Jul 11, 1928
14	45.40	Apr 16, 1917	Apr 22, 1917
15	45.40	Mar 26, 1897	Apr 1, 1897
16	45.20	Apr 3, 1935	Apr 9, 1935
17	44.80	May 23, 1983	May 29, 1983
18	44.65	Mar 25, 1887	Mar 31, 1887
19	44.50	Apr 20, 1906	Apr 26, 1906
20	44.40	Feb 28, 1937	Mar 6, 1937
21	44.40	Mar 26, 1909	Apr 1, 1909
22	44.40	May 31, 1908	Jun 6, 1908
23	44.10	May 23, 1893	May 29, 1893
24	44.10	May 28, 1892	Jun 3, 1892
25	43.98	Apr 23, 1888	Apr 29, 1888
26	43.50	Mar 19, 1997	Mar 25, 1997
27	43.20	Apr 18, 1904	Apr 24, 1904
28	43.20	Mar 22, 1890	Mar 28, 1890
29	43.10	Mar 30, 1891	Apr 5, 1891
30	42.90	Apr 6, 1945	Apr 12, 1945
31	42.80	Apr 8, 1975	Apr 14, 1975
32	42.80	Apr 14, 1899	Apr 20, 1899
33	42.70	Apr 24, 1979	Apr 30, 1979
34	42.70	Feb 29, 1932	Mar 6, 1932
35	41.90	May 22, 2009	May 28, 2009
36	41.90	Jun 7, 1995	Jun 13, 1995
37	41.70	Feb 29, 1916	Mar 6, 1916
38	41.60	Apr 3, 1923	Apr 9, 1923
39	41.40	Apr 4, 1907	Apr 10, 1907
40	41.32	Feb 28, 1882	Mar 6, 1882
41	41.30	Apr 3, 1919	Apr 9, 1919
42	41.20	May 21, 1984	May 27, 1984
43	41.20	May 24, 1961	May 30, 1961
44	41.10	Apr 30, 1911	May 6, 1911
45	40.93	Mar 5, 1884	Mar 11, 1884
46	40.82	May 2, 1886	May 8, 1886
47	40.80	Apr 27, 1994	May 3, 1994
48	40.70	Jun 2, 1943	Jun 8, 1943
49	40.65	May 28, 2002	Jun 3, 2002
50	40.50	Apr 24, 1936	Apr 30, 1936
51	40.30	Mar 8, 1883	Mar 14, 1883
52	39.69	Jul 19, 2015	Jul 25, 2015
53	39.50	Feb 28, 1950	Mar 6, 1950
54	39.30	May 9, 1944	May 15, 1944
55	38.57	May 24, 2003	May 30, 2003
56	38.30	May 10, 1998	May 16, 1998
57	38.10	Mar 29, 1939	Apr 4, 1939
58	37.76	May 16, 2013	May 22, 2013
59	37.60	May 5, 1885	May 11, 1885
60	37.50	May 13, 1993	May 19, 1993
61	37.40	May 27, 1996	Jun 2, 1996
62	37.37	May 17, 2010	May 23, 2010
63	37.30	Apr 8, 1962	Apr 14, 1962
64	37.30	May 3, 1921	May 9, 1921
65	37.00	Jun 4, 1990	Jun 10, 1990
66	37.00	May 9, 1901	May 15, 1901
67	36.90	Jun 15, 1915	Jun 21, 1915
68	36.70	Mar 13, 1985	Mar 19, 1985
69	36.40	Mar 20, 1910	Mar 26, 1910
70	36.40	May 31, 1905	Jun 6, 1905
71	36.20	Apr 24, 1938	Apr 30, 1938
72	36.20	Oct 20, 1926	Oct 26, 1926
73	35.90	Apr 20, 1914	Apr 26, 1914
74	35.60	Jun 15, 1974	Jun 21, 1974
75	35.50	May 11, 1970	May 17, 1970
76	35.40	Mar 3, 1989	Mar 9, 1989
77	35.40	Apr 12, 1948	Apr 18, 1948
78	35.20	Jun 3, 1957	Jun 9, 1957
79	35.20	Apr 4, 1952	Apr 10, 1952
80	35.20	Mar 25, 1902	Mar 31, 1902
81	35.02	Mar 13, 2016	Mar 19, 2016
82	34.90	Apr 5, 1978	Apr 11, 1978
83	34.50	Mar 26, 1894	Apr 1, 1894
84	34.40	Apr 8, 1980	Apr 14, 1980
85	34.30	Mar 31, 1963	Apr 6, 1963
86	34.20	Apr 16, 1965	Apr 22, 1965
87	33.90	Apr 16, 1924	Apr 22, 1924
88	33.60	Apr 28, 1991	May 4, 1991
89	33.60	Mar 18, 1930	Mar 24, 1930
90	33.60	Apr 16, 1896	Apr 22, 1896
91	33.35	Jun 30, 1889	Jul 6, 1889
92	33.20	Feb 28, 1949	Mar 6, 1949
93	33.10	May 17, 1958	May 23, 1958
94	33.10	Mar 22, 1900	Mar 28, 1900
95	32.90	May 6, 1972	May 12, 1972
96	32.90	Apr 4, 1955	Apr 10, 1955
97	32.80	May 2, 1947	May 8, 1947
98	32.70	Apr 21, 1942	Apr 27, 1942
99	32.60	Apr 1, 1982	Apr 7, 1982
100	32.50	Mar 3, 1918	Mar 9, 1918
101	32.30	Mar 29, 1964	Apr 4, 1964
102	32.20	Mar 9, 1971	Mar 15, 1971
103	32.00	Mar 2, 2001	Mar 8, 2001
104	32.00	Apr 29, 1969	May 5, 1969
105	32.00	Mar 7, 1951	Mar 13, 1951
106	31.53	Mar 16, 2004	Mar 22, 2004
107	31.50	Apr 20, 1960	Apr 26, 1960
108	31.40	Apr 8, 1934	Apr 14, 1934
109	31.30	May 11, 1999	May 17, 1999
110	30.90	Apr 11, 1968	Apr 17, 1968
111	30.34	Apr 16, 2014	Apr 22, 2014
112	30.30	Oct 15, 1986	Oct 21, 1986
113	30.00	May 6, 1940	May 12, 1940
114	30.00	Mar 3, 1925	Mar 9, 1925
115	29.80	Apr 2, 1946	Apr 8, 1946
116	29.67	Apr 14, 2005	Apr 20, 2005
117	29.50	Mar 8, 1987	Mar 14, 1987
118	29.50	May 12, 1966	May 18, 1966
119	29.00	May 25, 1967	May 31, 1967
120	28.20	Mar 1, 1956	Mar 7, 1956
121	28.09	Mar 25, 2012	Mar 31, 2012
122	27.70	May 23, 1953	May 29, 1953
123	27.60	Jun 12, 1981	Jun 18, 1981
124	27.23	Apr 25, 2007	May 1, 2007
125	26.60	Mar 29, 1895	Apr 4, 1895
126	26.30	Apr 13, 1988	Apr 19, 1988
127	26.30	Apr 15, 1977	Apr 21, 1977
128	26.20	Mar 2, 1976	Mar 8, 1976
129	25.80	Apr 15, 1931	Apr 21, 1931
130	25.60	Feb 28, 1959	Mar 6, 1959
131	25.53	Mar 26, 1992	Apr 1, 1992
132	24.30	Nov 9, 1941	Nov 15, 1941
133	24.10	Mar 22, 2006	Mar 28, 2006
134	23.20	Jul 1, 2000	Jul 7, 2000
135	18.20	May 6, 1954	May 12, 1954

Duration:	5.0%
Days:	14

Rank	Value	Window Start	Window Stop
1	51.90	May 24, 1929	Jun 6, 1929
2	51.60	Apr 20, 1922	May 3, 1922
3	51.14	May 10, 2011	May 23, 2011
4	49.30	Apr 15, 1913	Apr 28, 1913
5	49.10	Apr 10, 1927	Apr 23, 1927
6	47.70	Apr 6, 1912	Apr 19, 1912
7	46.60	Mar 18, 1903	Mar 31, 1903
8	46.50	May 4, 1973	May 17, 1973
9	45.90	Apr 9, 1920	Apr 22, 1920
10	45.64	Apr 13, 2008	Apr 26, 2008
11	45.10	May 30, 1933	Jun 12, 1933
12	44.80	Apr 2, 1935	Apr 15, 1935
13	44.80	Jul 2, 1928	Jul 15, 1928
14	44.60	Apr 12, 1917	Apr 25, 1917
15	44.60	Mar 25, 1897	Apr 7, 1897
16	44.38	Mar 21, 1887	Apr 3, 1887
17	44.20	May 21, 1983	Jun 3, 1983
18	44.10	Apr 13, 1898	Apr 26, 1898
19	44.00	May 15, 1893	May 28, 1893
20	43.90	May 28, 1908	Jun 10, 1908
21	43.90	May 23, 1892	Jun 5, 1892
22	43.40	Mar 21, 1909	Apr 3, 1909
23	43.10	Mar 15, 1890	Mar 28, 1890
24	43.05	Apr 19, 1888	May 2, 1888
25	43.00	Apr 16, 1906	Apr 29, 1906
26	42.90	Mar 26, 1891	Apr 8, 1891
27	42.50	Mar 17, 1997	Mar 30, 1997
28	42.20	Apr 10, 1899	Apr 23, 1899
29	42.10	Apr 3, 1945	Apr 16, 1945
30	41.70	Apr 15, 1904	Apr 28, 1904
31	41.60	Apr 17, 1979	Apr 30, 1979
32	41.60	Apr 5, 1975	Apr 18, 1975
33	41.20	Feb 28, 1882	Mar 13, 1882
34	40.84	May 18, 2009	May 31, 2009
35	40.80	Mar 5, 1884	Mar 18, 1884
36	40.70	Jun 4, 1995	Jun 17, 1995
37	40.40	Mar 30, 1923	Apr 12, 1923
38	40.30	Apr 27, 1886	May 10, 1886
39	40.20	Apr 24, 1994	May 7, 1994
40	40.10	May 17, 1984	May 30, 1984
41	40.05	Mar 4, 1883	Mar 17, 1883
42	39.80	Mar 30, 1907	Apr 12, 1907
43	39.60	May 31, 1943	Jun 13, 1943
44	39.45	Jul 15, 2015	Jul 28, 2015
45	39.40	Apr 27, 1911	May 10, 1911
46	39.20	Mar 30, 1919	Apr 12, 1919
47	39.19	May 24, 2002	Jun 6, 2002
48	39.00	Apr 19, 1936	May 2, 1936
49	38.70	May 20, 1961	Jun 2, 1961
50	38.50	Apr 15, 1916	Apr 28, 1916
51	38.40	May 6, 1944	May 19, 1944
52	37.82	May 5, 1998	May 18, 1998
53	37.20	Mar 7, 1939	Mar 20, 1939
54	37.04	May 12, 2013	May 25, 2013
55	37.00	May 16, 2010	May 29, 2010
56	36.90	Apr 3, 1962	Apr 16, 1962
57	36.60	May 24, 1996	Jun 6, 1996
58	36.40	Apr 16, 1993	Apr 29, 1993
59	36.31	May 20, 2003	Jun 2, 2003
60	36.24	May 31, 1990	Jun 13, 1990
61	36.00	May 3, 1901	May 16, 1901
62	35.96	May 1, 1885	May 14, 1885
63	35.90	Mar 10, 1985	Mar 23, 1985
64	35.90	Apr 29, 1921	May 12, 1921
65	35.60	Feb 28, 1937	Mar 13, 1937
66	35.60	Jun 12, 1915	Jun 25, 1915
67	35.40	Apr 19, 1938	May 2, 1938
68	35.20	Feb 28, 1950	Mar 13, 1950
69	35.10	Mar 15, 1910	Mar 28, 1910
70	34.90	Apr 9, 1948	Apr 22, 1948
71	34.80	Apr 16, 1914	Apr 29, 1914
72	34.60	Apr 1, 1952	Apr 14, 1952
73	34.40	May 7, 1970	May 20, 1970
74	34.40	May 27, 1905	Jun 9, 1905
75	34.30	Mar 3, 1989	Mar 16, 1989
76	34.20	Mar 21, 1902	Apr 3, 1902
77	34.10	Jun 11, 1974	Jun 24, 1974
78	33.90	Oct 15, 1926	Oct 28, 1926
79	33.80	Apr 1, 1978	Apr 14, 1978
80	33.80	Apr 15, 1965	Apr 28, 1965
81	33.60	Apr 4, 1980	Apr 17, 1980
82	33.50	Mar 28, 1963	Apr 10, 1963
83	33.31	Mar 10, 2016	Mar 23, 2016
84	33.00	Mar 13, 1930	Mar 26, 1930
85	32.90	Mar 22, 1894	Apr 4, 1894
86	32.60	Apr 22, 1991	May 5, 1991
87	32.60	Apr 11, 1932	Apr 24, 1932
88	32.40	Jun 19, 1924	Jul 2, 1924
89	32.30	May 14, 1958	May 27, 1958
90	32.30	May 31, 1957	Jun 13, 1957
91	32.00	Apr 29, 1947	May 12, 1947
92	31.70	May 3, 1972	May 16, 1972
93	31.50	Mar 18, 1900	Mar 31, 1900
94	31.40	Mar 30, 1955	Apr 12, 1955
95	31.40	Apr 3, 1949	Apr 16, 1949
96	31.40	Apr 17, 1942	Apr 30, 1942
97	31.40	Apr 10, 1896	Apr 23, 1896
98	31.30	Mar 4, 1951	Mar 17, 1951
99	31.20	Mar 28, 1982	Apr 10, 1982
100	31.20	Mar 5, 1971	Mar 18, 1971
101	31.20	Mar 4, 1889	Mar 17, 1889
102	31.00	Mar 24, 1964	Apr 6, 1964
103	30.90	Apr 25, 1969	May 8, 1969
104	30.80	Mar 3, 1918	Mar 16, 1918
105	30.10	May 6, 1999	May 19, 1999
106	29.90	Apr 15, 1960	Apr 28, 1960
107	29.40	Apr 6, 1968	Apr 19, 1968
108	28.86	Mar 2, 2001	Mar 15, 2001
109	28.84	Jun 6, 2004	Jun 19, 2004
110	28.70	Mar 28, 1946	Apr 10, 1946
111	28.70	Apr 4, 1934	Apr 17, 1934
112	27.90	May 8, 1966	May 21, 1966
113	27.60	Oct 12, 1986	Oct 25, 1986
114	27.40	May 1, 1940	May 14, 1940
115	27.00	May 21, 1967	Jun 3, 1967
116	27.00	Mar 3, 1925	Mar 16, 1925
117	26.80	Jun 10, 1981	Jun 23, 1981
118	26.75	Apr 11, 2014	Apr 24, 2014
119	26.43	Apr 9, 2005	Apr 22, 2005
120	26.40	Mar 5, 1987	Mar 18, 1987
121	26.30	Mar 1, 1956	Mar 14, 1956
122	26.22	Mar 13, 2012	Mar 26, 2012
123	26.03	Apr 1, 2007	Apr 14, 2007
124	25.50	May 20, 1953	Jun 2, 1953
125	25.30	Mar 2, 1976	Mar 15, 1976
126	24.60	Apr 9, 1988	Apr 22, 1988
127	24.51	Mar 20, 1992	Apr 2, 1992
128	23.60	Apr 11, 1931	Apr 24, 1931
129	23.20	Mar 25, 1895	Apr 7, 1895
130	22.70	Apr 10, 1977	Apr 23, 1977
131	22.20	Feb 28, 1959	Mar 13, 1959
132	21.70	Jun 26, 2000	Jul 9, 2000
133	21.40	Nov 6, 1941	Nov 19, 1941
134	19.46	Apr 27, 2006	May 10, 2006
135	17.60	May 6, 1954	May 19, 1954

Duration:	7.5%
Days:	20

Rank	Value	Window Start	Window Stop
1	51.50	Apr 19, 1922	May 8, 1922
2	50.20	May 21, 1929	Jun 9, 1929
3	48.91	May 8, 2011	May 27, 2011
4	48.30	Apr 5, 1927	Apr 24, 1927
5	48.10	Apr 13, 1913	May 2, 1913
6	46.80	Apr 5, 1912	Apr 24, 1912
7	46.00	May 1, 1973	May 20, 1973
8	45.40	Mar 16, 1903	Apr 4, 1903
9	45.20	Apr 8, 1920	Apr 27, 1920
10	44.60	Mar 25, 1897	Apr 13, 1897
11	44.52	Apr 8, 2008	Apr 27, 2008
12	44.30	Apr 1, 1935	Apr 20, 1935
13	43.98	Mar 16, 1887	Apr 4, 1887
14	43.70	May 12, 1893	May 31, 1893
15	43.70	May 12, 1892	May 31, 1892
16	43.60	Jun 30, 1928	Jul 19, 1928
17	43.50	Apr 14, 1933	May 3, 1933
18	43.50	Apr 8, 1917	Apr 27, 1917
19	43.30	May 19, 1983	Jun 7, 1983
20	43.30	May 25, 1908	Jun 13, 1908
21	42.80	Mar 12, 1890	Mar 31, 1890
22	42.60	Mar 22, 1891	Apr 10, 1891
23	42.40	Apr 9, 1898	Apr 28, 1898
24	41.80	Mar 17, 1909	Apr 5, 1909
25	41.70	Apr 2, 1945	Apr 21, 1945
26	41.68	Apr 15, 1888	May 4, 1888
27	41.50	Apr 6, 1899	Apr 25, 1899
28	41.40	Apr 13, 1906	May 2, 1906
29	41.30	Apr 14, 1979	May 3, 1979
30	41.20	Mar 15, 1997	Apr 3, 1997
31	41.20	Feb 28, 1882	Mar 19, 1882
32	40.15	Mar 5, 1884	Mar 24, 1884
33	40.00	Apr 1, 1975	Apr 20, 1975
34	39.80	Apr 12, 1904	May 1, 1904
35	39.75	Mar 2, 1883	Mar 21, 1883
36	39.60	Apr 23, 1886	May 12, 1886
37	39.20	Jun 1, 1995	Jun 20, 1995
38	39.20	Apr 22, 1994	May 11, 1994
39	39.17	May 14, 2009	Jun 2, 2009
40	38.90	May 12, 1984	May 31, 1984
41	38.60	Mar 26, 1907	Apr 14, 1907
42	38.36	Jul 12, 2015	Jul 31, 2015
43	38.00	Mar 26, 1923	Apr 14, 1923
44	38.00	Apr 24, 1911	May 13, 1911
45	37.30	May 29, 1943	Jun 17, 1943
46	37.20	Mar 7, 1939	Mar 26, 1939
47	37.20	Apr 13, 1916	May 2, 1916
48	37.00	May 2, 1944	May 21, 1944
49	36.80	Apr 14, 1936	May 3, 1936
50	36.65	May 2, 1998	May 21, 1998
51	36.58	May 20, 2002	Jun 8, 2002
52	36.50	Apr 2, 1962	Apr 21, 1962
53	36.40	Mar 27, 1919	Apr 15, 1919
54	36.30	May 23, 1996	Jun 11, 1996
55	36.10	Apr 14, 1993	May 3, 1993
56	35.90	May 16, 1961	Jun 4, 1961
57	35.83	May 8, 2013	May 27, 2013
58	35.63	May 14, 2010	Jun 2, 2010
59	35.50	Apr 28, 1901	May 17, 1901
60	35.13	May 27, 1990	Jun 15, 1990
61	35.10	Apr 13, 1938	May 2, 1938
62	35.00	Mar 8, 1985	Mar 27, 1985
63	35.00	Jun 11, 1915	Jun 30, 1915
64	34.80	Apr 6, 1921	Apr 25, 1921
65	34.40	Apr 6, 1948	Apr 25, 1948
66	34.00	Mar 21, 1902	Apr 9, 1902
67	33.90	Mar 30, 1952	Apr 18, 1952
68	33.70	Mar 3, 1989	Mar 22, 1989
69	33.60	Mar 10, 1910	Mar 29, 1910
70	33.55	Apr 28, 1885	May 17, 1885
71	33.30	Apr 12, 1914	May 1, 1914
72	32.60	Apr 2, 1980	Apr 21, 1980
73	32.40	May 3, 1970	May 22, 1970
74	32.40	Mar 8, 1930	Mar 27, 1930
75	32.30	Apr 12, 1965	May 1, 1965
76	32.20	Mar 28, 1978	Apr 16, 1978
77	32.20	Jun 5, 1924	Jun 24, 1924
78	32.09	May 17, 2003	Jun 5, 2003
79	32.00	May 24, 1905	Jun 12, 1905
80	31.90	Mar 17, 1894	Apr 5, 1894
81	31.80	Apr 7, 1991	Apr 26, 1991
82	31.70	Mar 24, 1963	Apr 12, 1963
83	31.68	Mar 7, 2016	Mar 26, 2016
84	31.30	Apr 24, 1947	May 13, 1947
85	30.80	Apr 14, 1926	May 3, 1926
86	30.60	Jun 8, 1974	Jun 27, 1974
87	30.60	May 10, 1958	May 29, 1958
88	30.50	Feb 28, 1950	Mar 19, 1950
89	30.40	Apr 30, 1972	May 19, 1972
90	30.40	Mar 1, 1951	Mar 20, 1951
91	30.40	Mar 17, 1900	Apr 5, 1900
92	30.20	Mar 30, 1949	Apr 18, 1949
93	30.10	Apr 7, 1932	Apr 26, 1932
94	29.90	Mar 25, 1955	Apr 13, 1955
95	29.70	May 29, 1957	Jun 17, 1957
96	29.50	Apr 21, 1969	May 10, 1969
97	29.40	Mar 21, 1964	Apr 9, 1964
98	29.40	Apr 5, 1896	Apr 24, 1896
99	29.38	Jun 21, 1889	Jul 10, 1889
100	29.30	Mar 24, 1982	Apr 12, 1982
101	29.20	Mar 2, 1971	Mar 21, 1971
102	29.20	May 11, 1937	May 30, 1937
103	28.80	May 2, 1999	May 21, 1999
104	28.50	Apr 1, 1968	Apr 20, 1968
105	28.20	Apr 11, 1960	Apr 30, 1960
106	28.20	Apr 14, 1942	May 3, 1942
107	27.80	May 19, 1918	Jun 7, 1918
108	27.75	Jun 5, 2004	Jun 24, 2004
109	27.10	May 7, 1966	May 26, 1966
110	27.10	Mar 17, 1946	Apr 5, 1946
111	26.22	Mar 13, 2012	Apr 1, 2012
112	25.80	Mar 31, 1934	Apr 19, 1934
113	25.60	Jun 7, 1981	Jun 26, 1981
114	24.80	Apr 27, 1940	May 16, 1940
115	24.40	Oct 10, 1986	Oct 29, 1986
116	24.30	May 17, 1967	Jun 5, 1967
117	24.12	Mar 28, 2007	Apr 16, 2007
118	24.10	Mar 1, 1956	Mar 20, 1956
119	24.00	Mar 21, 1953	Apr 9, 1953
120	23.70	Mar 4, 1987	Mar 23, 1987
121	23.36	Apr 5, 2005	Apr 24, 2005
122	23.00	Mar 2, 1976	Mar 21, 1976
123	22.94	May 4, 2014	May 23, 2014
124	22.60	Apr 6, 1988	Apr 25, 1988
125	22.51	Mar 2, 2001	Mar 21, 2001
126	22.20	Apr 4, 1977	Apr 23, 1977
127	22.20	Mar 16, 1895	Apr 4, 1895
128	21.91	Mar 17, 1992	Apr 5, 1992
129	21.30	Mar 22, 1925	Apr 10, 1925
130	20.60	Apr 8, 1931	Apr 27, 1931
131	20.50	Feb 28, 1959	Mar 19, 1959
132	19.46	Apr 27, 2006	May 16, 2006
133	19.00	Nov 1, 1941	Nov 20, 1941
134	17.90	Jun 24, 2000	Jul 13, 2000
135	15.50	May 5, 1954	May 24, 1954

Duration:	10.0%
Days:	27

Rank	Value	Window Start	Window Stop
1	50.80	Apr 15, 1922	May 11, 1922
2	48.10	May 18, 1929	Jun 13, 1929
3	46.80	Apr 1, 1927	Apr 27, 1927
4	45.80	Apr 4, 1912	Apr 30, 1912
5	45.39	May 5, 2011	May 31, 2011
6	45.00	Apr 27, 1973	May 23, 1973
7	44.90	Apr 10, 1913	May 6, 1913
8	44.30	Apr 6, 1920	May 2, 1920
9	44.20	Mar 24, 1897	Apr 19, 1897
10	44.00	Mar 13, 1903	Apr 8, 1903
11	43.70	May 12, 1892	Jun 7, 1892
12	43.50	Mar 31, 1935	Apr 26, 1935
13	43.50	May 11, 1893	Jun 6, 1893
14	43.48	Mar 11, 1887	Apr 6, 1887
15	43.00	Apr 3, 2008	Apr 29, 2008
16	42.50	May 23, 1908	Jun 18, 1908
17	42.50	Mar 9, 1890	Apr 4, 1890
18	42.20	Mar 19, 1891	Apr 14, 1891
19	42.00	Apr 12, 1933	May 8, 1933
20	41.70	Apr 2, 1945	Apr 28, 1945
21	41.40	Apr 3, 1917	Apr 29, 1917
22	41.10	May 15, 1983	Jun 10, 1983
23	40.97	Feb 28, 1882	Mar 26, 1882
24	40.80	Jun 26, 1928	Jul 22, 1928
25	40.50	Apr 1, 1899	Apr 27, 1899
26	39.90	Apr 5, 1898	May 1, 1898
27	39.82	Apr 10, 1888	May 6, 1888
28	39.60	Apr 11, 1979	May 7, 1979
29	39.42	Mar 5, 1884	Mar 31, 1884
30	39.40	Mar 12, 1997	Apr 7, 1997
31	39.10	Mar 12, 1909	Apr 7, 1909
32	38.70	Apr 9, 1906	May 5, 1906
33	38.58	Apr 19, 1886	May 15, 1886
34	38.30	Apr 10, 1904	May 6, 1904
35	38.25	Mar 2, 1883	Mar 28, 1883
36	37.30	Apr 18, 1994	May 14, 1994
37	37.30	May 8, 1984	Jun 3, 1984
38	37.20	Mar 7, 1939	Apr 2, 1939
39	37.10	Mar 26, 1975	Apr 21, 1975
40	37.06	Jul 6, 2015	Aug 1, 2015
41	36.90	Mar 20, 1907	Apr 15, 1907
42	36.60	May 29, 1995	Jun 24, 1995
43	36.30	Mar 30, 1962	Apr 25, 1962
44	36.10	Apr 14, 1993	May 10, 1993
45	35.60	May 21, 1996	Jun 16, 1996
46	35.54	May 10, 2009	Jun 5, 2009
47	35.50	Apr 27, 1944	May 23, 1944
48	35.40	Mar 23, 1923	Apr 18, 1923
49	35.40	Apr 21, 1911	May 17, 1911
50	35.00	Jun 11, 1915	Jul 7, 1915
51	34.80	Apr 6, 1921	May 2, 1921
52	34.80	Apr 9, 1916	May 5, 1916
53	34.70	May 25, 1943	Jun 20, 1943
54	34.50	Apr 21, 1901	May 17, 1901
55	34.37	Apr 28, 1998	May 24, 1998
56	34.16	May 2, 2013	May 28, 2013
57	34.00	May 20, 1919	Jun 15, 1919
58	34.00	Mar 21, 1902	Apr 16, 1902
59	33.80	Apr 8, 1938	May 4, 1938
60	33.70	Apr 5, 1948	May 1, 1948
61	33.50	Apr 9, 1936	May 5, 1936
62	33.44	May 14, 2002	Jun 9, 2002
63	32.80	Mar 25, 1952	Apr 20, 1952
64	32.24	May 24, 1990	Jun 19, 1990
65	32.20	Mar 4, 1985	Mar 30, 1985
66	32.20	Jun 5, 1924	Jul 1, 1924
67	32.19	May 10, 2010	Jun 5, 2010
68	32.00	Apr 1, 1980	Apr 27, 1980
69	32.00	May 11, 1961	Jun 6, 1961
70	32.00	Mar 8, 1930	Apr 3, 1930
71	31.80	Apr 7, 1991	May 3, 1991
72	31.40	Apr 9, 1914	May 5, 1914
73	31.40	Mar 18, 1905	Apr 13, 1905
74	30.90	Apr 30, 1970	May 26, 1970
75	30.80	Mar 5, 1910	Mar 31, 1910
76	30.60	Apr 20, 1947	May 16, 1947
77	30.50	Feb 28, 1950	Mar 26, 1950
78	30.35	Apr 18, 1885	May 14, 1885
79	30.30	Apr 10, 1951	May 6, 1951
80	30.20	Mar 14, 1894	Apr 9, 1894
81	29.87	Mar 2, 2016	Mar 28, 2016
82	29.60	Jun 1, 1974	Jun 27, 1974
83	29.50	Apr 8, 1965	May 4, 1965
84	29.50	Mar 25, 1949	Apr 20, 1949
85	29.10	Mar 25, 1978	Apr 20, 1978
86	28.80	Mar 3, 1989	Mar 29, 1989
87	28.50	Mar 19, 1963	Apr 14, 1963
88	28.30	Apr 26, 1972	May 22, 1972
89	28.30	Apr 8, 1926	May 4, 1926
90	28.20	Mar 18, 1964	Apr 13, 1964
91	27.71	Jun 5, 2004	Jul 1, 2004
92	27.60	May 27, 1957	Jun 22, 1957
93	27.30	Apr 16, 1969	May 12, 1969
94	27.30	May 18, 1918	Jun 13, 1918
95	27.20	Mar 21, 1955	Apr 16, 1955
96	27.10	Mar 17, 1946	Apr 12, 1946
97	27.00	Mar 14, 1900	Apr 9, 1900
98	26.95	Jun 16, 1889	Jul 12, 1889
99	26.80	Apr 28, 1999	May 24, 1999
100	26.80	Mar 2, 1971	Mar 28, 1971
101	26.80	Apr 3, 1932	Apr 29, 1932
102	26.80	Mar 31, 1896	Apr 26, 1896
103	26.70	Mar 27, 1968	Apr 22, 1968
104	26.60	Mar 21, 1982	Apr 16, 1982
105	26.40	May 5, 1958	May 31, 1958
106	26.28	May 12, 2003	Jun 7, 2003
107	25.60	May 4, 1966	May 30, 1966
108	25.50	May 27, 1981	Jun 22, 1981
109	25.30	May 11, 1937	Jun 6, 1937
110	25.00	Mar 15, 1934	Apr 10, 1934
111	24.80	Mar 21, 1942	Apr 16, 1942
112	24.20	Apr 6, 1960	May 2, 1960
113	23.90	Mar 1, 1956	Mar 27, 1956
114	23.53	Mar 28, 2007	Apr 23, 2007
115	23.30	Mar 20, 1953	Apr 15, 1953
116	22.94	May 4, 2014	May 30, 2014
117	22.60	Apr 7, 1987	May 3, 1987
118	22.58	Mar 11, 2012	Apr 6, 2012
119	22.50	Oct 8, 1986	Nov 3, 1986
120	22.40	May 9, 1967	Jun 4, 1967
121	22.38	May 26, 2001	Jun 21, 2001
122	20.90	Apr 17, 1940	May 13, 1940
123	20.80	Mar 22, 1925	Apr 17, 1925
124	20.70	Mar 15, 1895	Apr 10, 1895
125	20.20	Feb 28, 1959	Mar 26, 1959
126	20.12	Mar 15, 1992	Apr 10, 1992
127	20.10	Mar 2, 1976	Mar 28, 1976
128	19.60	Mar 10, 1977	Apr 5, 1977
129	18.50	Apr 7, 1931	May 3, 1931
130	18.22	Apr 24, 2006	May 20, 2006
131	18.17	Apr 2, 2005	Apr 28, 2005
132	17.70	Apr 4, 1988	Apr 30, 1988
133	16.60	Oct 14, 1941	Nov 9, 1941
134	14.60	Jun 23, 2000	Jul 19, 2000
135	14.50	Apr 30, 1954	May 26, 1954

Duration:	12.5%
Days:	34

Rank	Value	Window Start	Window Stop
1	50.10	Apr 11, 1922	May 14, 1922
2	46.80	Apr 5, 1929	May 8, 1929
3	45.10	Mar 30, 1927	May 2, 1927
4	45.00	Apr 3, 1912	May 6, 1912
5	44.30	Apr 6, 1920	May 9, 1920
6	43.90	Apr 22, 1973	May 25, 1973
7	43.70	May 12, 1892	Jun 14, 1892
8	43.40	Mar 23, 1897	Apr 25, 1897
9	43.00	May 9, 1893	Jun 11, 1893
10	42.80	Mar 9, 1903	Apr 11, 1903
11	42.34	May 3, 2011	Jun 5, 2011
12	42.10	Mar 7, 1890	Apr 9, 1890
13	42.00	Mar 17, 1891	Apr 19, 1891
14	41.80	May 21, 1908	Jun 23, 1908
15	41.50	Jun 5, 1935	Jul 8, 1935
16	41.20	Mar 30, 1945	May 2, 1945
17	40.87	Mar 9, 1887	Apr 11, 1887
18	40.80	Apr 6, 1913	May 9, 1913
19	40.53	Feb 28, 1882	Apr 2, 1882
20	40.20	Mar 30, 2008	May 2, 2008
21	39.60	Apr 9, 1933	May 12, 1933
22	39.30	Mar 27, 1899	Apr 29, 1899
23	39.20	Mar 29, 1917	May 1, 1917
24	39.02	Mar 5, 1884	Apr 7, 1884
25	38.90	May 10, 1983	Jun 12, 1983
26	38.30	Apr 10, 1904	May 13, 1904
27	38.02	Apr 17, 1886	May 20, 1886
28	37.90	Apr 6, 1888	May 9, 1888
29	37.80	Apr 7, 1979	May 10, 1979
30	37.70	Jun 22, 1928	Jul 25, 1928
31	37.10	Mar 9, 1997	Apr 11, 1997
32	36.60	Mar 8, 1909	Apr 10, 1909
33	36.55	Apr 14, 1883	May 17, 1883
34	36.50	Apr 1, 1898	May 4, 1898
35	36.40	Mar 4, 1939	Apr 6, 1939
36	36.10	Apr 15, 1994	May 18, 1994
37	36.10	Apr 14, 1993	May 17, 1993
38	36.00	Mar 21, 1962	Apr 23, 1962
39	35.80	Apr 5, 1906	May 8, 1906
40	35.40	Mar 15, 1907	Apr 17, 1907
41	35.27	Jul 1, 2015	Aug 3, 2015
42	35.10	May 3, 1984	Jun 5, 1984
43	34.80	May 19, 1996	Jun 21, 1996
44	34.80	Mar 21, 1975	Apr 23, 1975
45	34.80	Apr 6, 1921	May 9, 1921
46	34.80	Jun 10, 1915	Jul 13, 1915
47	33.80	Apr 22, 1944	May 25, 1944
48	33.80	Mar 21, 1923	Apr 23, 1923
49	33.20	May 24, 1995	Jun 26, 1995
50	33.00	Apr 3, 1948	May 6, 1948
51	32.40	Apr 7, 1916	May 10, 1916
52	32.40	Mar 18, 1902	Apr 20, 1902
53	32.40	Apr 15, 1901	May 18, 1901
54	32.10	May 21, 1943	Jun 23, 1943
55	31.93	Apr 22, 1998	May 25, 1998
56	31.92	Apr 27, 2013	May 30, 2013
57	31.90	Mar 23, 1952	Apr 25, 1952
58	31.80	May 16, 1919	Jun 18, 1919
59	31.38	May 5, 2009	Jun 7, 2009
60	31.20	Apr 6, 1991	May 9, 1991
61	31.20	Apr 4, 1938	May 7, 1938
62	30.90	Apr 16, 1911	May 19, 1911
63	30.88	May 8, 2002	Jun 10, 2002
64	30.70	Jun 2, 1924	Jul 5, 1924
65	30.30	Mar 28, 1980	Apr 30, 1980
66	30.30	Apr 3, 1936	May 6, 1936
67	30.30	Mar 8, 1930	Apr 10, 1930
68	30.28	Apr 18, 1885	May 21, 1885
69	30.10	Mar 2, 1985	Apr 4, 1985
70	30.00	Mar 15, 1961	Apr 17, 1961
71	29.40	Mar 25, 1949	Apr 27, 1949
72	29.20	Apr 8, 1951	May 11, 1951
73	29.20	Apr 7, 1914	May 10, 1914
74	29.10	Feb 28, 1950	Apr 2, 1950
75	29.10	Apr 16, 1947	May 19, 1947
76	29.10	Mar 14, 1905	Apr 16, 1905
77	29.03	May 11, 1990	Jun 13, 1990
78	28.20	Mar 18, 1964	Apr 20, 1964
79	28.20	Mar 12, 1894	Apr 14, 1894
80	27.60	Apr 6, 1965	May 9, 1965
81	27.40	May 5, 2010	Jun 7, 2010
82	27.30	Mar 3, 1989	Apr 5, 1989
83	27.30	May 28, 1974	Jun 30, 1974
84	27.30	Mar 2, 1910	Apr 4, 1910
85	26.70	Mar 23, 1978	Apr 25, 1978
86	26.70	Apr 26, 1970	May 29, 1970
87	26.30	Apr 21, 1918	May 24, 1918
88	26.20	Sep 18, 1926	Oct 21, 1926
89	25.80	May 26, 1957	Jun 28, 1957
90	25.70	Apr 23, 1972	May 26, 1972
91	25.55	Jun 16, 1889	Jul 19, 1889
92	25.50	Apr 26, 1999	May 29, 1999
93	25.40	Mar 15, 1955	Apr 17, 1955
94	25.30	May 27, 1981	Jun 29, 1981
95	25.10	Mar 17, 1946	Apr 19, 1946
96	25.00	Mar 15, 1934	Apr 17, 1934
97	24.80	Mar 21, 1942	Apr 23, 1942
98	24.75	Mar 2, 2016	Apr 4, 2016
99	24.60	Mar 19, 1982	Apr 21, 1982
100	24.60	Apr 2, 1932	May 5, 1932
101	24.40	Mar 11, 1900	Apr 13, 1900
102	24.30	Mar 14, 1963	Apr 16, 1963
103	23.90	Apr 13, 1969	May 16, 1969
104	23.90	Mar 1, 1956	Apr 3, 1956
105	23.60	Mar 24, 1968	Apr 26, 1968
106	23.53	Mar 28, 2007	Apr 30, 2007
107	23.20	May 11, 1937	Jun 13, 1937
108	22.90	Apr 29, 1966	Jun 1, 1966
109	22.80	Mar 11, 1953	Apr 13, 1953
110	22.30	Oct 8, 1986	Nov 10, 1986
111	22.00	Mar 31, 1958	May 3, 1958
112	21.90	Mar 2, 1971	Apr 4, 1971
113	21.70	Mar 27, 1896	Apr 29, 1896
114	21.58	May 26, 2001	Jun 28, 2001
115	21.33	May 31, 2004	Jul 3, 2004
116	21.30	Mar 3, 1987	Apr 5, 1987
117	21.20	May 9, 1960	Jun 11, 1960
118	20.80	Mar 22, 1925	Apr 24, 1925
119	20.45	May 9, 2003	Jun 11, 2003
120	20.30	May 4, 1967	Jun 6, 1967
121	20.20	Feb 28, 1959	Apr 2, 1959
122	20.20	Apr 15, 1940	May 18, 1940
123	20.00	May 3, 2014	Jun 5, 2014
124	19.70	Mar 2, 1976	Apr 4, 1976
125	19.60	Mar 10, 1977	Apr 12, 1977
126	19.10	Mar 6, 1992	Apr 8, 1992
127	18.50	Apr 7, 1931	May 10, 1931
128	18.26	Mar 9, 2012	Apr 11, 2012
129	17.95	Apr 17, 2006	May 20, 2006
130	17.66	Apr 2, 2005	May 5, 2005
131	16.60	Oct 14, 1941	Nov 16, 1941
132	16.60	Mar 13, 1895	Apr 15, 1895
133	14.10	Apr 2, 1988	May 5, 1988
134	13.90	Mar 22, 2000	Apr 24, 2000
135	12.80	Apr 25, 1954	May 28, 1954

